1.3528095e+02 7.8287540e+00 1.4039214e+01 7.2219987e+00 1.6234564e+01 -1.0949643e+01 -8.4938887e-01 -7.0369630e+00 -2.1893719e+01 1.5287734e+01 8.6263614e+00 3.2687591e+00 -8.9636339e+00 1.7282450e+01 -3.7747592e+00 -1.2489724e+01 -1.9069268e+00 2.5537505e+00 1.7177465e+00 6.6016404e+00 9.6111777e+00 -8.5297780e+00 -1.3264038e+01 2.3091999e+01 -1.0779103e+01 -1.4669895e+01 -8.8923259e+00 3.6961562e+00 1.0626201e+01 9.6261412e+00 -8.8940898e+00 -7.9845137e+00 -1.9655959e+00 -7.2501158e+00 2.1515541e+01 2.8456420e+00 9.2118236e+00 1.8300880e+01 -1.8418031e+01 2.1845231e+00 1.6175032e+01 -1.2154017e+00 -5.1756973e+00 -9.0784951e+00 4.1956080e+00 3.8333456e+00 4.9272737e+00 -7.1517265e+00 2.1371986e+01 -3.5173251e+00 -1.7173466e+01 1.7522265e+01 -3.0138362e+00 -1.7005755e+01 -1.3159401e+00 -1.8908948e+00 1.5429326e+01 1.0375734e+01 2.4148426e+01 -1.3501430e+01 3.7389670e-01 -1.3649934e+01 -1.2637712e+00 -1.9596789e+00 -3.2097316e+01 -4.5214071e+00 1.2922794e+01 1.9206428e+01 1.1492935e+01 -2.8680032e+01 1.4283425e+01 -7.8641422e+00 -1.4190852e+01 1.1501306e+00 4.1641304e+00 2.3589355e+00 1.9931744e+01 1.5632215e+01 -6.4460068e+00 -2.2567727e+01 -3.0300608e+00 -4.6282245e+00 -4.3395220e+00 -2.9476446e+00 4.2378692e+00 -1.9844616e+01 -7.5808560e+00 -3.6686785e+00 -6.3271371e+00 1.0838558e+01 1.4012052e+00 1.2162618e+01 2.5646330e+01 2.1463235e+01 1.0409941e+01 -8.3607873e-01 7.7268489e+00 2.1080787e+00 1.2094618e+01 3.9981033e+00
7.8287540e+00 1.0053096e+02 -1.7685388e+01 -1.2272762e+01 2.0427000e+00 -7.1602156e+00 -1.0312145e+00 2.0638462e+01 -3.8684379e+00 -2.8005384e+00 9.1995864e+00 -1.9586372e+00 9.3744564e+00 -7.3987157e+00 4.2422193e+00 -1.8774411e+01 -6.5823728e+00 -2.2131546e+00 -1.0994858e+01 -8.6041732e+00 -8.0694787e+00 -9.0131672e+00 1.0984171e+00 1.2130669e+00 4.1407251e+00 -8.8891327e+00 1.0127921e+01 7.1480277e+00 2.9123625e+00 1.3273359e+01 7.3924810e+00 -2.4190261e+01 1.5211490e+01 -1.0837202e+00 5.9124749e+00 1.2187415e+01 8.0649546e+00 -1.7154483e+01 -6.4505263e-01 2.3559908e+00 -1.5531879e-01 -8.9775621e+00 -4.3347083e+00 -2.1167446e-01 -2.6482661e-01 4.0288196e-03 5.4735726e+00 -1.1791483e+01 -6.2954877e+00 6.7393073e+00 -1.8849008e+00 -3.3411358e+00 4.8600400e+00 2.0599268e+01 4.1046613e+00 1.8659222e+01 1.3265244e+01 -8.3058012e+00 6.3909558e-01 -9.8820383e+00 -1.5656256e+01 -1.5961152e+01 8.6344031e+00 -7.0560866e+00 -1.4976796e+01 -7.6599422e+00 -2.0500237e-01 -9.0991462e+00 -1.0494128e+01 2.1269933e+01 -3.4315733e+00 -2.5491632e+00 9.7622066e+00 5.1544696e+00 -2.1172817e+01 -6.1918775e-01 -8.4823291e+00 8.7480723e+00 4.0494331e+00 -1.6834705e+01 4.4847481e+00 -1.0959923e+01 5.6754017e+00 6.3369178e+00 -1.4382637e+00 5.1891047e+00 4.9900203e+00 -1.4277900e+01 -1.2983345e+01 -1.6519743e+00 2.0142033e+01 1.0406469e+00 5.6199673e+00 -1.7393763e+00 9.7285554e+00 -1.3174194e+01 5.2317615e+00 -2.8660643e+00 -1.2360702e+00 9.3183896e+00
1.4039214e+01 -1.7685388e+01 1.0348423e+02 4.5037498e+00 -1.0517065e+01 -1.0637801e+01 5.3686024e+00 -5.6834041e+00 7.2239255e-02 -3.2034957e+00 -3.1032198e+00 6.3420925e+00 -9.4752605e+00 1.6221865e+01 -7.3505983e+00 -1.5997940e+01 -2.0082531e+00 2.8635944e+00 8.8916555e+00 1.0368911e+00 9.8734947e+00 1.2494083e+01 3.7289960e+00 1.1050369e+00 -1.6880839e+01 -1.8545772e+01 -5.2997076e+00 -4.7867095e+00 1.1636078e+01 1.2285917e+01 3.8830540e+00 -3.2503159e+00 -1.5048231e+01 9.7642276e-02 -6.3476895e-01 2.4017755e+00 4.3799065e-01 -7.2615901e+00 7.1961300e+00 -1.1800094e+01 -2.7354311e+00 -1.1010007e+01 -8.2072707e+00 1.7251386e+00 -8.8839029e-01 5.5824265e+00 -1.3548874e+01 3.0277408e+00 2.3535660e+01 -5.7102812e+00 -4.9244694e+00 1.3551257e+01 1.3089912e+01 8.7401148e+00 8.0204251e+00 -1.1602301e+01 -1.7870980e+01 1.5407706e+01 1.3425984e+01 -6.4918950e+00 1.9581381e+00 -7.1608039e+00 -8.6411461e+00 -3.6587451e+00 -6.9278210e+00 -9.6023180e+00 9.3101494e+00 -3.3023368e-01 -3.4431482e+00 -3.3383840e+00 -5.9474722e+00 -1.4053513e+01 1.4408035e+00 6.1840874e+00 1.1963037e+01 -5.4433485e+00 8.6259565e+00 3.7141682e+00 -3.5798136e+00 -4.0036276e-01 -2.9128048e+00 1.8287143e+01 1.0158447e+01 2.5881437e+00 -5.3115619e+00 -4.3006920e+00 -1.8066624e+01 -1.2328298e+00 -7.2018071e+00 5.4056394e+00 1.5608309e+00 -5.4226214e+00 1.4041442e+00 -1.8652757e+01 -5.2614656e+00 -6.6553892e+00 -2.9277033e+01 2.1031335e+00 2.2271860e+00 8.2085238e+00
7.2219987e+00 -1.2272762e+01 4.5037498e+00 8.8263822e+01 -1.8595219e+01 3.6388977e+00 -3.0592219e-01 1.5329322e+01 -1.0124536e+01 7.6350170e-01 -1.9590279e+01 -1.3719749e+01 1.0677633e+00 -5.4010462e+00 -1.1700955e+01 8.5511189e+00 9.6855319e+00 2.8957891e+00 -1.1453040e+01 1.4906093e+01 4.8292187e+00 -5.9038482e+00 2.1438401e+00 -3.1687983e-01 -6.7119396e+00 -8.6933074e+00 -5.1942120e+00 3.7992509e+00 -1.3005395e+01 -1.0304915e+01 -1.4575827e+01 2.9201409e+00 4.8753314e+00 -8.7463535e+00 3.4437067e+00 -7.3703488e+00 -2.7837843e+00 1.7119550e+01 -1.4560132e+01 7.2634090e-02 -2.3871644e-01 8.1751029e+00 1.0468650e+01 -5.7298865e+00 2.0442665e+01 -1.1301318e+01 4.0069790e+00 7.4378201e+00 -2.3472663e+00 2.5010839e+00 -7.4619863e+00 1.2243572e+01 1.2396554e+01 6.0054336e-01 -1.3192654e+01 6.2477312e+00 -4.4639695e+00 -4.6427578e+00 7.9196763e+00 1.8183560e+01 8.4506184e+00 -7.9645613e+00 -1.2648705e+01 1.1850097e+01 1.5114043e+01 -5.6824348e-01 -9.1579249e+00 -3.8010535e-01 2.2968760e+00 -1.8774697e+00 -4.7599816e+00 2.7791608e+01 3.4724783e+00 1.5377836e+00 2.9850796e+00 9.2611323e+00 -1.3116011e-01 -1.5866412e+01 2.6658558e+00 -8.9417590e+00 7.8515713e+00 -1.0287169e+01 -2.4617009e+00 1.6735036e+00 -2.9720979e+00 6.0747601e-01 -6.1599602e+00 4.6493251e+00 7.6020413e+00 2.7228829e+01 -6.5189260e+00 -7.0744123e-01 2.9747634e-01 -2.9350493e+00 5.4898564e+00 8.1570668e+00 6.6766066e+00 5.4091438e+00 -2.7641189e+00 -3.4284979e+00
1.6234564e+01 2.0427000e+00 -1.0517065e+01 -1.8595219e+01 7.5579262e+01 -7.9789534e-01 -2.8276772e+00 2.7990153e+00 3.5116420e+00 -1.8877640e+00 4.6420652e+00 -1.1939744e+00 1.2207120e+00 5.1071952e+00 1.7538221e+01 -2.9981394e-01 5.7838685e+00 1.2408319e+00 -4.8737576e-01 -8.8241407e+00 -2.8264093e+00 3.7841061e+00 -7.5368048e+00 8.1162294e+00 1.0667592e+01 3.1500762e+00 1.0111333e+01 -6.6380103e+00 1.0914572e+01 -1.2916469e+01 3.2388378e-01 -4.7719917e+00 -5.7396792e+00 3.1625323e+00 3.7064575e+00 4.8124261e+00 4.5105394e+00 9.7091419e+00 -6.3573258e+00 -1.0910990e+01 4.4739352e+00 -1.3236972e+01 3.9791392e+00 -1.2042701e+00 1.3691111e+00 6.9687717e+00 6.0923131e+00 -9.4254125e+00 -8.8721613e+00 -8.7759920e+00 -4.4811668e+00 -5.2175678e+00 -1.5617531e+01 7.6526369e+00 2.8354531e+00 -8.4202489e+00 1.1507119e+01 6.3397932e+00 8.8195895e+00 -3.8590521e+00 -4.5375098e+00 -1.7488559e+01 6.8363609e+00 5.2974160e+00 -1.2878763e+01 -8.0637953e-01 -1.7097389e+01 1.6797830e+01 1.3126570e+01 -9.0996313e-01 -1.9962615e+01 -4.5367013e+00 1.4193867e+01 7.2869580e+00 8.1033917e+00 3.1129002e+00 1.2577033e+01 1.6990045e+01 4.1158646e+00 -1.0213721e+01 -5.9434227e+00 4.7357520e+00 -4.0690850e+00 -1.5318945e+01 -3.9392599e+00 -7.0163796e+00 -9.9831498e+00 6.5826085e+00 9.4726214e-01 -3.6519868e+00 3.9075772e+00 1.8985866e+01 1.9874507e+01 8.1214381e+00 1.0627346e+01 2.0238978e+00 -1.7020702e+00 8.4864473e+00 -9.6550190e+00 9.6700567e-01
-1.0949643e+01 -7.1602156e+00 -1.0637801e+01 3.6388977e+00 -7.9789534e-01 9.1478831e+01 -4.7392872e+00 1.0576629e+01 1.0713320e+01 7.7842905e+00 1.0643717e+01 -3.5250930e+00 -2.5076358e+00 -4.9552512e-01 4.5540015e+00 -1.8736003e+00 2.1176668e+01 1.4763416e+01 1.2660100e+00 1.0859413e+01 -8.6683127e+00 8.6290726e+00 4.1116371e+00 3.8606954e+00 -4.6596004e+00 7.4498831e+00 2.9965980e+00 -1.5435290e+01 -1.3368330e+01 -9.2326748e+00 -1.0505983e+01 1.0389027e+00 1.1884517e+01 -1.0609039e+01 8.4127395e+00 -3.7177636e+00 4.5182710e+00 -3.1700165e+00 1.8184229e+01 -8.2867363e+00 -9.6159761e+00 2.0283467e+01 1.9888100e+01 -5.5075244e+00 -5.8578993e+00 -1.1946714e+01 4.1633761e-01 4.3393545e+00 4.0669839e+00 -4.0195089e+00 1.3888914e+01 2.1764840e+00 7.9751853e+00 1.4471901e+01 1.0379389e+00 5.1630148e+00 1.3414264e+00 -1.4310438e+01 2.4037475e+00 2.4061801e+01 7.3980640e+00 3.5640658e+00 3.9806388e+00 -2.0643152e+00 -5.5854026e+00 -7.1912563e+00 -4.3802171e+00 -5.7010907e+00 4.0556582e+00 1.3950674e+01 9.8953284e+00 5.7153081e+00 -6.4822320e+00 -1.4303293e+01 -9.7780220e-01 1.7773599e+01 -8.4865793e+00 8.1166113e+00 -2.1911963e+01 2.2355196e+00 6.4950964e+00 1.3382238e+01 -2.2026934e+01 -3.9639020e+00 5.7982081e+00 -6.9932685e+00 7.6076119e+00 5.4039126e+00 1.2360580e+01 -1.7082642e+00 3.2991811e+00 -6.4783723e+00 -1.5192939e+01 -1.3057851e+01 -4.6806184e+00 2.4623816e+01 -2.9286528e+00 5.4200451e+00 5.2249698e+00 3.2606934e-01
-8.4938887e-01 -1.0312145e+00 5.3686024e+00 -3.0592219e-01 -2.8276772e+00 -4.7392872e+00 9.2600345e+01 -1.0596979e+01 4.5386965e+00 -1.1526248e+01 6.7571385e+00 -3.3049175e+00 4.6254784e+00 1.4950726e+01 8.2691929e+00 2.3601296e+00 -5.9228677e+00 5.7096206e+00 -2.1160469e+00 1.9781875e+01 -1.5809101e+01 -1.2694317e+01 -2.1363694e+00 -1.5773475e+01 -2.6121344e+00 -8.3788937e+00 6.5779966e+00 3.6106094e+00 -1.5796741e+01 9.2693117e+00 4.1897757e+00 -1.9912219e+01 -1.6569445e-02 8.9017961e+00 -3.9412039e+00 6.5662082e+00 4.8419082e+00 -3.5135707e+00 3.6411184e+00 2.7873192e+01 7.2144069e+00 1.4164493e+01 -1.3669377e+01 -1.9040075e+00 -3.0997980e-01 3.3771200e-01 1.7424923e-02 -1.6100706e+01 1.7185694e+00 -5.1293851e+00 -1.2004398e+01 -2.9732667e+01 1.6607212e+01 -1.2039598e+01 -7.8276816e+00 3.0112590e+00 1.1994152e+01 5.9976503e+00 -1.1185221e+01 -6.6261893e-01 -6.3704545e+00 1.4548377e+00 1.5628732e+01 -8.6910414e+00 1.6548232e+00 1.4059222e+01 -1.5304452e+00 -1.8298265e+01 -2.2028400e+01 6.3977872e-01 9.8135521e+00 7.4458374e+00 -1.6715960e+01 4.6976232e+00 -8.6354411e-01 -8.8128294e+00 4.9046279e+00 9.9558407e+00 3.0168368e+00 1.2970191e+01 -1.6758492e+01 -5.1115224e+00 -7.0109391e+00 -1.6182744e+01 8.2979406e-01 -5.6404329e-01 -4.5817869e+00 -6.5480318e-01 6.5192639e+00 -8.7623191e+00 4.9235104e-01 -3.8077563e+00 -5.4402560e+00 7.4076861e+00 4.3808667e+00 -6.1451724e+00 -1.7503898e+01 5.6900304e+00 4.6797932e-01 -3.0540334e+00
-7.0369630e+00 2.0638462e+01 -5.6834041e+00 1.5329322e+01 2.7990153e+00 1.0576629e+01 -1.0596979e+01 1.0776645e+02 -1.1493989e+01 7.9205435e+00 9.8885385e+00 -2.2563234e+00 1.7537727e+01 -1.5786303e+01 6.8134782e+00 -3.9472926e+00 4.0284357e+00 -4.6857769e+00 -4.1769271e+00 7.7094716e+00 -3.4897177e+00 -3.5029552e+00 9.0701874e+00 -1.1559796e+01 -3.9625699e+00 5.0656403e+00 5.6735695e+00 -7.6368644e+00 1.0537298e+01 3.1246222e+00 -2.7748637e+00 -1.0205613e+01 -1.8696244e+01 1.4594705e+01 5.0059105e+00 -6.3108740e+00 -7.6355497e+00 2.3618232e+00 -2.0644115e+01 -1.1961691e+01 6.9329285e+00 -3.3941832e+00 -2.1515479e+00 -6.9747613e-01 3.5825473e+00 1.3323696e+01 -1.1818544e+01 1.3851862e+01 6.4087082e+00 -6.4533050e+00 -2.9460976e-01 -3.3876620e+00 -4.0117726e+00 2.6547773e+01 -8.3311164e+00 1.2119064e+01 -1.4553463e+01 -6.8243506e+00 -1.4556661e+00 -8.5357779e+00 -2.3300731e+01 4.1366325e+00 -3.3138254e+00 1.4303455e+01 -4.2123255e-01 -1.2716532e+01 -7.3165158e+00 5.1501494e-02 4.5813853e+00 2.5652215e+01 -9.0689163e+00 2.1191367e+01 7.8682877e+00 1.6854286e+01 8.7827051e+00 3.8770431e-01 3.9925514e+00 1.0873121e+00 -1.1712875e+01 -7.1562130e-01 1.2197031e+01 -5.8237180e+00 -7.2307547e+00 1.5019916e+01 5.5057577e+00 3.0521739e+00 -6.6817315e+00 1.8528645e+00 9.7609022e+00 -8.8640754e-01 4.8365792e+00 -1.0384771e+01 -4.0377414e+00 7.1538263e+00 -1.0176632e+01 1.5692590e-01 1.6403886e+01 -4.2249749e+00 1.0805122e+01 1.2045542e+01
-2.1893719e+01 -3.8684379e+00 7.2239255e-02 -1.0124536e+01 3.5116420e+00 1.0713320e+01 4.5386965e+00 -1.1493989e+01 9.8856076e+01 -7.1577175e+00 -7.6009940e+00 7.6577718e+00 -1.1479380e+01 2.1089811e+00 1.2427393e+01 -7.7573634e+00 -4.2547790e+00 -1.4719717e+01 -5.9645437e+00 -1.6914896e+01 -2.5864206e+01 4.1050303e+00 1.5102093e+01 -1.5680054e+01 -1.0625829e+01 -7.4276530e+00 -4.3795215e+00 -1.4751865e+01 -1.7747817e+00 -2.1964911e+01 1.5117264e+01 6.0710793e+00 -2.7748983e+00 -6.1806174e+00 -6.1412195e+00 1.3273239e+00 -1.7410274e+01 -1.3853104e+01 1.8186243e+01 1.0605576e+01 3.8638758e+00 -3.4347385e+00 8.1240454e-01 -2.8781287e+00 1.5107038e+01 4.6502795e+00 -4.0161091e+00 1.3669265e+01 4.3953096e+00 -7.3070125e+00 -2.0712811e+01 -2.8013465e+00 5.9882346e+00 2.5339079e-01 6.7293351e+00 2.1405019e+01 -7.6772954e+00 1.9696528e+01 -1.0242241e+01 7.5475617e+00 8.4794868e+00 1.1337473e+01 8.1362425e+00 -1.3456455e+01 6.5743684e+00 -1.8134477e+00 2.1629529e+00 -2.4383970e+00 -1.2248531e+01 4.7495436e+00 9.2415096e+00 -1.9963676e+01 2.7917113e+00 -1.0261564e+01 -1.8940711e+01 1.6752605e+01 -7.2338173e+00 1.5518223e+01 3.0951928e+00 7.1463419e+00 1.1500001e+01 9.8771672e+00 -3.1468382e+00 -4.0059465e+00 -1.0127171e+01 -9.2870834e+00 1.0896861e+01 4.3990752e+00 6.1525141e+00 -3.7221916e+00 1.8578020e+00 -1.0890170e+00 3.8952341e+00 -1.0544074e+01 -2.1805300e+01 -1.9597676e+00 -1.5540834e+01 1.9095138e+01 -2.6067103e-01 -1.2320641e+01
1.5287734e+01 -2.8005384e+00 -3.2034957e+00 7.6350170e-01 -1.8877640e+00 7.7842905e+00 -1.1526248e+01 7.9205435e+00 -7.1577175e+00 1.0415769e+02 -2.7073075e+00 1.7732664e+01 7.2976637e+00 5.0848137e-01 -9.2912986e+00 -4.9479651e+00 1.0474195e+01 2.8933566e+00 4.4592481e+00 -1.3347816e+00 4.1091327e+00 5.6242813e+00 -2.2504310e+01 -4.6853292e+00 -7.0155238e+00 -5.7884502e+00 -6.2278056e+00 1.8854257e+00 -1.7096585e+01 7.7766993e+00 -7.0774610e+00 -4.8016487e+00 -2.5418849e+01 -2.0112477e+01 -2.2244843e+00 -1.9007968e+01 -8.8276806e+00 -1.2037837e+01 8.2749581e+00 -3.2033604e+01 1.4913440e+01 -8.2069464e+00 2.4175867e-03 6.1636129e+00 -6.5467879e-01 -7.9435950e+00 1.1901744e+01 1.7546334e+01 -9.5992598e+00 -7.8888786e+00 1.2088514e+01 -1.7458766e+00 9.7679901e-01 -5.8608977e-01 7.5592182e+00 9.6947618e+00 -1.3281904e+01 -2.4698346e+00 -7.5795964e+00 -7.4404566e+00 -2.6409103e+00 6.3853326e+00 1.2339469e+01 8.6883070e+00 -1.7788096e+01 1.2630992e+01 -3.2475140e+00 6.5060106e+00 -2.1636594e+00 -1.3433811e+01 -5.1462179e+00 -6.3135226e+00 -1.6142569e+01 4.4957451e+00 -2.2891603e+00 5.5278122e+00 6.8180470e+00 2.9408409e+00 -1.1023120e+01 -6.6748755e+00 -5.7867829e+00 7.4360069e+00 3.7666309e+00 1.6204282e+00 1.8477569e+01 -7.0979926e+00 1.1455749e+01 8.0365990e+00 7.6247060e+00 9.7795047e+00 -1.1420176e+01 2.1194564e+00 9.0716236e-01 4.9507532e+00 5.0252212e+00 2.0289120e+00 1.3522985e+01 1.2550652e+01 -7.8462250e+00 1.7397682e+00
8.6263614e+00 9.1995864e+00 -3.1032198e+00 -1.9590279e+01 4.6420652e+00 1.0643717e+01 6.7571385e+00 9.8885385e+00 -7.6009940e+00 -2.7073075e+00 1.1383423e+02 -7.1991205e+00 1.2534886e+01 -3.4902823e+00 -4.6817466e-01 2.6903458e+00 -9.2450482e-02 -8.1628826e+00 -1.1615387e+01 2.9545817e+00 -1.6332246e+00 -5.1802181e+00 -3.8710398e+00 4.7205052e+00 1.2287373e+01 -1.8650311e+01 -1.3511316e+00 -4.3331040e+00 7.9012147e-01 6.9481330e+00 -1.6260507e+01 -2.1885037e+00 -6.0644185e+00 -2.9445073e+00 -1.9142135e+00 2.6788972e+01 1.6339602e+01 -2.0799822e+01 1.0354547e+01 1.4922186e+01 -1.6036793e+01 1.9030422e+01 1.0878989e+01 2.0750588e+00 -6.0637617e+00 2.5364191e-01 -2.6421166e+00 4.1160283e-01 2.4244250e+01 5.1819571e+00 -9.1192511e+00 1.2190655e+01 1.0129783e+01 -1.6209758e+00 2.1153728e+00 -7.7379634e+00 1.1852833e+01 -4.2345329e+00 -5.6336984e+00 -1.1069614e+01 -1.4724843e+01 -2.6057073e+00 1.2755490e+01 -4.9570924e+00 -1.4443655e+01 1.5855318e+01 -8.6539361e+00 1.5924669e+01 9.4227552e+00 5.6362604e+00 7.6257171e+00 -8.9958788e+00 -1.0184293e+00 9.5279343e+00 1.6011826e+01 -1.1221059e+01 -1.0998634e+00 1.5081688e+01 -1.6416014e+01 1.3072826e+01 -4.4510457e+00 -1.3403148e-01 1.5209431e+00 -1.1398734e+01 1.1154296e+01 -1.7950105e+00 3.5650476e+00 -1.0552804e-01 7.9361607e+00 -1.2421874e+01 5.5458172e+00 4.1392263e+00 -9.4707592e+00 6.2409358e-01 5.5192608e-02 -3.4161707e-01 1.2599432e+01 -7.6716521e+00 1.6736028e+01 6.7690674e+00
3.2687591e+00 -1.9586372e+00 6.3420925e+00 -1.3719749e+01 -1.1939744e+00 -3.5250930e+00 -3.3049175e+00 -2.2563234e+00 7.6577718e+00 1.7732664e+01 -7.1991205e+00 1.0110957e+02 5.6814104e+00 -4.2552602e+00 -6.3827062e+00 1.8153915e+00 4.5854503e+00 1.2757895e+01 -5.1154966e+00 7.8317981e+00 -8.8047537e+00 8.0532679e+00 1.4809503e+01 -6.4294376e-01 -1.3209083e+00 5.9189448e+00 3.1810001e+00 1.6214027e+01 3.2265695e+00 1.0325074e+00 -3.6054040e+00 1.0147785e+00 -3.4381390e+00 5.7128078e+00 5.7186137e-01 -7.6251555e+00 -1.7774663e+01 1.1823220e+01 -1.2439040e+01 -6.0553511e+00 -5.7920316e-01 -1.0002999e+01 -1.0882234e+00 4.6863719e-01 1.6021624e-01 1.3316732e+00 3.7069660e+00 -2.7244298e+00 -2.9403048e+00 -1.6877020e+01 4.1949333e+00 -4.8549243e+00 -7.7808051e+00 -2.3842716e+00 3.2983975e+00 5.6452956e+00 -8.0779311e+00 1.9580237e+01 9.6227046e+00 -9.7149720e+00 -7.4078949e+00 5.8169205e+00 -1.1614907e+01 -1.2530399e+00 -5.2813590e+00 -4.3157883e+00 -5.3275714e+00 -2.2844428e+00 -4.1536562e+00 -3.0172408e+00 6.8285610e+00 -5.0413766e+00 -1.5843884e+01 4.7715450e+00 5.2627788e+00 6.4495998e+00 -3.5280650e+00 5.1669640e+00 1.8380592e+00 -1.2719777e+01 4.5319283e+00 8.4975942e-01 4.5166304e-01 9.4914783e+00 -2.5236506e+00 6.5574584e+00 -1.1296385e+01 3.1122735e+00 -6.2302445e+00 1.1105247e+01 -1.0445468e+00 -1.4025547e+01 1.1919183e+01 -2.1291940e+01 -1.6217225e+01 2.2047703e+01 -4.5727986e+00 9.1321581e+00 -1.5936736e+00 -5.4457967e+00
-8.9636339e+00 9.3744564e+00 -9.4752605e+00 1.0677633e+00 1.2207120e+00 -2.5076358e+00 4.6254784e+00 1.7537727e+01 -1.1479380e+01 7.2976637e+00 1.2534886e+01 5.6814104e+00 1.0942403e+02 1.2536035e+00 5.2868478e-01 -2.7688404e+00 1.5051899e+01 1.3310065e+00 1.3862685e+01 2.8611513e+00 3.6781809e+00 4.4320728e+00 1.3405776e+01 -8.4085980e+00 -4.3614186e+00 -1.6849918e+01 1.3413511e+01 3.9891384e+00 6.7750942e+00 1.4935155e+01 -7.5630712e+00 2.7342224e+00 -3.4939608e+00 2.3332084e+00 6.8728441e-01 2.6495771e+00 4.5575118e+00 -1.3323545e+01 -1.0657103e+01 3.0375931e+01 2.5214217e+00 -2.6257393e+00 -6.3802795e+00 7.7549170e-01 -3.7201318e+00 -3.1997948e+00 -3.5644472e+00 9.9094622e-01 9.6028193e+00 9.1200569e+00 -1.0574014e+01 -1.0073475e+01 -5.0984822e+00 -6.9885485e+00 -4.6021194e+00 -1.8612742e+00 1.4987103e+00 -1.9627958e+01 -1.8557922e+00 -9.2335464e+00 1.2908119e+01 9.3173615e+00 -1.3999508e+01 -5.2883801e+00 -1.1108806e+01 -6.4789075e+00 -1.5471278e+01 -1.0829107e+01 -6.0673885e+00 1.3782980e+01 5.1076789e+00 -7.1338135e+00 -3.2474621e+00 4.6455289e+00 5.4238594e+00 -8.5123042e+00 3.6750997e+00 -5.4890146e+00 1.6422711e+01 8.1286293e+00 -1.5668289e+01 -9.8804871e-01 -3.8052815e+00 -8.5564130e+00 -1.5919191e+00 -2.3126988e+00 -2.7908027e+00 -7.8811882e+00 6.0397565e+00 -1.5862725e+01 7.8202961e+00 1.0389100e+01 -5.1638291e+00 -8.3616174e+00 1.5165090e+01 3.2304466e+00 1.6333037e+00 -2.7130935e+00 1.5729994e+01 -7.7722614e+00
1.7282450e+01 -7.3987157e+00 1.6221865e+01 -5.4010462e+00 5.1071952e+00 -4.9552512e-01 1.4950726e+01 -1.5786303e+01 2.1089811e+00 5.0848137e-01 -3.4902823e+00 -4.2552602e+00 1.2536035e+00 7.1079873e+01 -1.8878690e+01 -2.5405518e+01 -4.2101118e+00 5.0479352e+00 1.1587202e+00 3.2542482e+00 -1.7327069e+01 -6.9006318e+00 -1.2457623e+01 -4.5567381e+00 -8.9087354e+00 -1.4791586e+01 -1.0271598e+01 -1.1002025e+00 -2.4805684e+00 5.0573683e+00 1.5400318e+01 -1.6451647e+01 -1.1649052e+00 1.0357116e+00 1.0434947e+01 -3.6052556e+00 -7.1619127e+00 -7.3811775e+00 4.1559154e+00 7.0862317e+00 3.2463223e-01 1.5797102e+01 -1.1900913e+01 -3.4299839e+00 1.4410651e+00 -2.3851772e+00 2.6307786e-01 -1.0751360e+01 3.3461569e+01 -6.3629817e+00 3.1493359e-01 -6.7184034e+00 3.1864586e+00 -8.0241931e+00 1.1365074e+01 8.9591267e+00 7.9916310e+00 2.0385072e+01 -2.8071076e+00 3.8651585e+00 1.0409590e+01 4.6251738e+00 5.8953325e-01 -1.4412714e+01 -2.0733547e+01 -8.5877399e+00 2.8611996e+00 -3.4897602e+00 2.2993574e-01 -2.5273929e+00 -1.8823172e+00 -1.7137176e+01 3.4602041e+00 -9.9397883e+00 4.7268886e+00 -3.0910080e+00 -2.3980355e+00 2.1085213e+00 2.7919660e+00 7.2344072e+00 6.4707325e+00 -4.5487633e+00 -1.1868034e+00 -3.1135098e+00 -1.0507805e+01 -3.1091809e+00 -8.0490833e+00 -1.3072130e+01 6.5775307e+00 -5.9163396e+00 2.3618122e+00 1.2092568e+01 -2.1672481e+00 6.1904113e-01 -1.7597886e+00 -1.5059024e+00 -1.7292928e+01 1.6148712e+00 8.3346668e+00 1.7536026e+00
-3.7747592e+00 4.2422193e+00 -7.3505983e+00 -1.1700955e+01 1.7538221e+01 4.5540015e+00 8.2691929e+00 6.8134782e+00 1.2427393e+01 -9.2912986e+00 -4.6817466e-01 -6.3827062e+00 5.2868478e-01 -1.8878690e+01 1.1266315e+02 1.3474465e+01 7.5805917e+00 2.9184150e+00 -2.3122278e+00 -5.7556681e+00 3.9816344e+00 8.5261184e-01 3.3163028e+00 1.1811184e+01 1.1608611e+01 2.0567039e+01 -3.0311794e+00 -2.0170992e+01 -4.5938321e+00 6.7589476e+00 -1.1443261e+01 1.8121437e+01 2.1080988e+00 1.6862909e+01 -7.2096434e-01 4.7587693e+00 -4.0739833e+00 1.0124227e+01 1.2816323e+01 2.4627158e+00 2.2669813e+00 -2.4026092e+01 3.9189346e+00 2.7647257e+01 -2.2510577e+01 -2.0972145e+00 -4.0883769e+00 -5.1455740e+00 -1.0239810e+01 1.1651488e+01 -2.4730037e+01 -5.9831617e+00 -2.1688859e+01 5.4564384e+00 1.2756921e+01 -1.1016233e+01 -8.3857252e-01 -2.1969727e+01 5.9455003e+00 -1.4523883e+01 5.4630366e+00 6.6355814e+00 1.4775937e+00 -2.5606322e-02 -4.1542499e+00 1.7085793e+00 -2.1005701e+00 -9.8863058e+00 -5.1093223e+00 2.0480808e+00 4.8747539e+00 1.6867487e+01 6.8007659e-01 5.2032155e+00 -8.2941497e-01 3.3221277e-01 -6.7224222e+00 6.8478172e+00 -2.9217665e+01 3.0238607e+00 -2.5084425e+01 -6.6077332e+00 -1.6332843e+01 1.6802969e+01 7.9677978e+00 3.2143910e+00 9.4306603e+00 5.1905936e+00 1.4979332e+01 -6.2831677e+00 -2.2177442e+00 -8.3895427e+00 -8.1006318e+00 3.2860744e+00 -1.6112968e+01 3.6794010e+00 4.8585129e+00 -1.2432305e+01 1.1734367e+01 -2.1173931e-01
-1.2489724e+01 -1.8774411e+01 -1.5997940e+01 8.5511189e+00 -2.9981394e-01 -1.8736003e+00 2.3601296e+00 -3.9472926e+00 -7.7573634e+00 -4.9479651e+00 2.6903458e+00 1.8153915e+00 -2.7688404e+00 -2.5405518e+01 1.3474465e+01 9.9232368e+01 5.6800769e+00 7.1864338e+00 1.8051752e-01 -3.6860961e+00 9.4055640e-01 -1.3146478e+01 2.2432454e+00 7.6217619e-01 1.1771746e+01 1.3220540e+01 -6.8388848e+00 -1.8071452e+00 -1.2566327e+01 2.4507817e-01 -2.5865326e+01 2.0843181e+01 1.1434266e+01 8.1500361e+00 -1.7528041e+01 7.9150111e+00 8.8391348e+00 1.5907756e+01 1.2531887e+00 1.1312868e+01 3.3742165e+00 -1.2100510e+00 -5.1085321e+00 1.6636702e+01 4.4831633e+00 -8.2476648e+00 1.2188431e+01 -4.4984122e+00 1.5105315e-01 1.6320169e+00 1.0611485e+01 1.5241757e+01 -8.3167219e+00 -9.4606652e+00 -1.0276960e+01 -8.0618454e+00 -4.1376293e-01 9.0142987e-01 -7.9338703e+00 -1.0763552e+01 -3.2230998e+00 -1.7035978e+00 2.8128931e+00 1.4990466e+01 2.7176988e+01 6.1871726e+00 4.5179729e+00 -7.6388733e+00 1.3866380e+00 1.2077396e+01 3.7419042e+00 2.5236058e+01 -2.5581679e+00 1.0482245e+01 4.9709341e+00 3.8792785e+00 4.5900788e-01 -1.3005137e+01 3.6292028e+00 1.0393526e+01 5.0226743e+00 1.1824237e+01 -9.7146401e+00 -1.0407094e+01 6.4896697e+00 -8.6322973e+00 1.0327236e+01 4.2869639e+00 1.1360321e+01 -3.7349048e-01 -4.7710863e+00 -4.3054132e+00 -1.7272620e+01 -3.7527572e+00 -2.5961103e+00 8.9161854e-01 -8.4472971e-01 5.7118308e+00 2.2697883e+00 -8.1049313e+00
-1.9069268e+00 -6.5823728e+00 -2.0082531e+00 9.6855319e+00 5.7838685e+00 2.1176668e+01 -5.9228677e+00 4.0284357e+00 -4.2547790e+00 1.0474195e+01 -9.2450482e-02 4.5854503e+00 1.5051899e+01 -4.2101118e+00 7.5805917e+00 5.6800769e+00 1.0453481e+02 -9.9376213e-01 5.3775414e+00 -1.8043298e+00 1.4085319e+01 7.6052134e+00 8.9602914e-01 4.8245635e+00 -1.8284528e+01 -5.6502200e+00 4.7995822e+00 -9.7218831e-01 -2.4014465e+00 -2.9063330e+00 2.0771053e+00 1.7239302e+00 6.5025093e+00 4.6416558e+00 2.0109117e+00 -4.5659947e+00 1.5714199e+00 1.4808485e+01 9.7408426e+00 -5.5480453e-01 4.9292849e+00 5.4631738e+00 2.9945829e+00 5.2023717e+00 -5.2661469e+00 -1.1308987e+01 1.4620474e+00 4.5369387e+00 -7.8273889e+00 -2.5031070e+00 -8.4748760e+00 -4.5681309e+00 1.1632481e+01 1.6078388e+01 9.5985966e+00 1.2532439e+01 -1.5453759e+01 -1.2126102e+01 -7.5441659e+00 -7.6401891e+00 -7.6131651e-01 -1.0534738e+01 -1.4046679e+00 -7.0511521e+00 4.4684506e-01 8.6262946e+00 6.8732518e-01 -8.0692511e+00 4.0776974e+00 4.0407165e+00 1.6004813e+01 -6.3886005e+00 2.8775883e+00 -9.5424754e+00 1.0038452e+00 8.7056804e+00 7.9282333e+00 7.6766256e+00 -1.7692643e+01 -1.1614444e+01 2.5961268e-01 1.4747839e+01 -9.9906091e+00 -2.5429618e+00 9.5578737e+00 7.1377026e+00 7.3194936e+00 3.0395668e+00 3.4440698e+00 8.9650652e+00 1.0563736e+00 -1.3995758e+01 2.0206282e+00 3.1416459e+00 -2.1271376e+00 1.3609477e+01 1.2348229e+01 -1.0463427e+01 1.4458653e+01 -2.2574573e+01
2.5537505e+00 -2.2131546e+00 2.8635944e+00 2.8957891e+00 1.2408319e+00 1.4763416e+01 5.7096206e+00 -4.6857769e+00 -1.4719717e+01 2.8933566e+00 -8.1628826e+00 1.2757895e+01 1.3310065e+00 5.0479352e+00 2.9184150e+00 7.1864338e+00 -9.9376213e-01 9.5928623e+01 1.4181080e+01 -3.6628284e+00 -1.7599625e+01 -9.6053043e+00 -1.3579908e+00 -4.2775317e+00 6.7473921e+00 -3.1671615e+00 -1.9748437e+01 2.1267955e+00 1.4592082e+01 2.3562265e+00 6.3967904e+00 1.6251524e-01 1.3345090e+00 -7.3987192e-01 -5.4288685e+00 -4.7549122e+00 2.4188584e+01 7.6699819e+00 2.2834466e+00 -3.0702521e+00 -1.8473439e+00 -3.7954609e+00 -3.6340240e-01 -1.2103411e+01 -1.2309485e+01 -2.9457244e+00 1.9449472e+00 -1.0692841e+01 -2.7656761e+00 -8.1233805e+00 1.6374161e+01 -4.1202589e+00 -5.8415815e+00 -3.5218540e+00 -1.9714127e+00 -1.1193495e+01 9.7585562e+00 4.2635527e+00 1.4486721e+01 -5.5366881e+00 -2.5883511e-01 -4.6222488e+00 -6.9236491e+00 -1.3440637e+01 -6.7153075e+00 -4.9930264e+00 1.1272106e+01 -7.3549151e+00 -1.9352268e+00 1.2340842e+01 -9.7633825e+00 1.8502262e+01 -2.1201144e+01 5.9492372e-02 1.3701242e+01 -2.9152670e+00 -8.1477179e+00 1.1980392e+01 1.8090961e+00 2.1137279e+01 5.2494991e+00 -1.2287216e+00 6.7362523e+00 -4.0111849e+00 -6.2484219e+00 -1.2212060e+01 -2.4707417e+00 -1.6904182e+00 -6.4328443e+00 -5.4818957e+00 8.3894982e+00 -7.4815064e+00 7.5854342e+00 -6.4718957e+00 -1.0626743e+01 1.8029710e+01 1.0686323e+01 1.5799452e+01 -1.4921496e+01 -1.6332646e+00
1.7177465e+00 -1.0994858e+01 8.8916555e+00 -1.1453040e+01 -4.8737576e-01 1.2660100e+00 -2.1160469e+00 -4.1769271e+00 -5.9645437e+00 4.4592481e+00 -1.1615387e+01 -5.1154966e+00 1.3862685e+01 1.1587202e+00 -2.3122278e+00 1.8051752e-01 5.3775414e+00 1.4181080e+01 9.6452218e+01 2.7836742e+00 2.7516544e+00 1.2046665e+01 2.4196909e+00 -6.6721346e+00 -1.1688006e+01 7.9613857e+00 -1.5048502e+01 -7.4708148e+00 5.0189542e+00 -1.0352361e+00 -1.1376417e+00 -4.2815618e-02 -8.3563891e+00 -1.0556795e+01 -3.8630123e+00 9.1541588e-01 -1.1426641e+01 -1.0374416e+01 1.0772280e+01 1.0052693e+01 -2.1181752e+00 -6.5289134e+00 2.5686551e+00 7.1414119e-01 -1.5162363e+00 -5.7131159e+00 -1.3159680e+01 5.3732129e+00 2.0023341e+00 -2.9064107e+00 1.7588707e+01 -3.2453148e+00 -1.4237549e+01 -1.0326834e+01 -4.6921693e+00 -2.3275891e+00 1.7747142e+01 -2.8570309e+01 9.0430591e+00 -2.6805822e+00 1.5994665e+01 -6.4534367e+00 -3.0082050e+00 1.6439406e+00 -2.0545884e+01 -1.1196881e+01 5.9195829e+00 -3.7500665e+00 -1.7094589e+01 -3.6610961e+00 -8.5995801e-01 1.4666679e+01 -1.2179086e+01 -2.6347052e+00 6.2030375e+00 -5.3937254e+00 2.3676224e+01 -4.7557571e+00 3.8973619e-01 -1.2026768e+00 4.7445370e-01 5.2884873e+00 1.6244978e+01 9.4237021e+00 -2.1098253e-01 -1.3249465e+00 1.0523983e+00 -1.5708150e+00 1.0108963e+01 -1.7415211e+01 -2.2585735e+01 4.4668334e+00 -5.7721178e+00 -8.8652294e+00 1.6842382e+01 1.7917975e+00 -9.3949814e+00 5.1919415e+00 1.2370259e+00 -2.1842089e+00
6.6016404e+00 -8.6041732e+00 1.0368911e+00 1.4906093e+01 -8.8241407e+00 1.0859413e+01 1.9781875e+01 7.7094716e+00 -1.6914896e+01 -1.3347816e+00 2.9545817e+00 7.8317981e+00 2.8611513e+00 3.2542482e+00 -5.7556681e+00 -3.6860961e+00 -1.8043298e+00 -3.6628284e+00 2.7836742e+00 9.3301026e+01 8.7532922e+00 2.4856306e+00 1.2562534e+00 3.7582472e+00 -5.7787608e+00 -9.1674450e+00 4.8838846e-01 -9.6401641e+00 -1.4311469e+01 1.2010357e+00 -1.1031750e+01 -4.1043290e+00 1.7150552e+01 6.5496338e+00 9.8534845e+00 7.3647213e+00 1.2186979e+00 1.9261816e+00 -1.7150092e+00 2.7632782e+00 -8.6331485e+00 1.9676757e+01 -5.4239414e+00 1.7649315e+00 1.9085506e+00 -7.2353108e+00 6.4749217e+00 -1.6701785e+01 -2.9700985e+00 -4.8232465e-02 1.8529370e+01 9.4981381e+00 -1.3038727e+01 -3.1385706e+00 1.1878689e+01 1.0200427e+01 5.2390956e+00 -5.8480925e+00 1.1198294e+01 1.4995764e+01 7.8243719e+00 4.0651979e+00 -3.1654127e+00 4.2668830e+00 1.9379650e+00 -8.5698296e-02 -3.7398939e+00 9.1585385e+00 -2.4706021e+00 -1.1879535e+01 8.4533230e+00 1.0355469e+01 -3.9619001e+00 -8.2825868e+00 1.7703661e+01 -1.2894013e+01 -9.5541292e-01 -1.1141004e+01 2.5940622e+00 -5.8628158e+00 -8.9262974e-01 -1.2660921e+01 -7.0040474e+00 1.6748002e+00 -6.3128559e+00 1.7956108e+01 -5.9485676e+00 3.4559973e+00 -7.0828877e+00 4.2935965e+00 -1.3016089e+01 8.2689724e+00 1.3440536e+00 -2.3371036e+00 -5.8816607e+00 -2.1587655e+00 6.3382919e+00 2.7658677e+00 -1.0390842e-01 1.1756622e+00
9.6111777e+00 -8.0694787e+00 9.8734947e+00 4.8292187e+00 -2.8264093e+00 -8.6683127e+00 -1.5809101e+01 -3.4897177e+00 -2.5864206e+01 4.1091327e+00 -1.6332246e+00 -8.8047537e+00 3.6781809e+00 -1.7327069e+01 3.9816344e+00 9.4055640e-01 1.4085319e+01 -1.7599625e+01 2.7516544e+00 8.7532922e+00 1.1318992e+02 -3.9079900e+00 -1.4895382e+01 1.4903889e+01 -1.8500015e+01 1.3863311e+01 -2.3592661e+00 -3.1677334e+00 3.5013781e+00 -1.3146264e+00 -5.8991696e+00 2.4537103e+01 1.0860094e+01 1.0279563e+01 -3.1057458e-01 4.0857444e-01 -1.0078657e+01 -8.0797057e+00 1.3290205e+01 -9.7669898e+00 -2.0033756e+00 -8.6215710e+00 -3.4077758e+00 -3.8136491e+00 -2.1515098e+01 -1.3725580e+01 5.6914810e+00 -2.0455495e+00 -1.5613391e+01 1.5910831e+01 -1.1430855e+00 -4.0735836e+00 1.5962748e+00 -1.4762629e+01 -5.3078322e-01 -1.6222005e+01 -6.5701025e+00 1.1231753e+00 4.2949813e+00 3.9045777e+00 1.0296131e+01 -2.3814084e+01 -1.7962587e+01 -1.9921506e+01 -9.1952278e-01 2.1229278e+01 -6.9431869e+00 -3.6118834e+00 -1.0110076e+00 -2.1650781e+01 -3.1438102e+00 -1.6046644e+01 1.6468196e+01 4.4547837e+00 1.8759438e+01 -3.8610340e+00 -3.6892304e+00 -1.8290098e+01 7.3145175e+00 1.9786933e+00 -8.2063387e-01 7.1056621e-01 1.0643222e+01 3.3775660e+00 7.2215869e+00 1.0386222e+01 5.1653589e+00 1.2887669e+01 7.3187606e+00 7.0065439e+00 -7.1059811e+00 2.4460545e+00 -1.0193783e+01 -1.2682893e+01 -4.6701988e+00 -7.9222641e+00 1.7771161e+01 -1.9564282e+01 -4.3200712e+00 -3.1042963e+00
-8.5297780e+00 -9.0131672e+00 1.2494083e+01 -5.9038482e+00 3.7841061e+00 8.6290726e+00 -1.2694317e+01 -3.5029552e+00 4.1050303e+00 5.6242813e+00 -5.1802181e+00 8.0532679e+00 4.4320728e+00 -6.9006318e+00 8.5261184e-01 -1.3146478e+01 7.6052134e+00 -9.6053043e+00 1.2046665e+01 2.4856306e+00 -3.9079900e+00 8.9101185e+01 6.6899367e+00 -3.8907238e+00 -5.2408193e+00 -9.5539258e+00 -4.1126233e+00 -6.5557453e+00 -1.7792723e+01 1.0027902e+01 -7.4719233e+00 -9.1306549e-01 -3.4160923e+00 1.2590317e+01 -6.9880554e+00 8.3401711e+00 -1.6555854e+01 1.5958378e+00 -1.1761884e+01 3.9034198e+00 -8.6601087e+00 -3.9246838e+00 -2.3297710e+00 -6.7634402e+00 -2.5791939e+00 -2.7055808e+00 4.8908841e+00 1.2779439e+01 6.3801207e-01 5.6078860e-01 2.9139455e+00 -1.9376742e+00 -1.5811139e-01 4.7133472e+00 1.9367089e+00 4.8190231e-01 -1.6119211e+00 -2.4713800e+01 4.1934008e+00 -1.1727902e+01 9.2167374e+00 7.2567647e+00 1.1669948e+00 -2.0412682e-01 -4.9175172e+00 -4.9108374e+00 1.4720525e+00 -7.6868683e+00 -1.2260119e+01 -1.9705606e+01 8.3176358e-01 2.9999236e+00 7.1746130e+00 -1.1549505e+01 -5.1888656e+00 -4.1888284e-01 2.7281909e+01 -1.3582126e+01 6.2671231e+00 -8.3455237e+00 1.6519301e+00 -9.3919499e-01 3.1508187e+00 1.3592772e+01 -2.8026113e+00 8.3592551e+00 4.4672875e+00 2.6721718e+00 -7.7531632e+00 2.9877542e+00 -8.7033553e+00 6.4930814e+00 2.4040368e+00 -1.7212470e+00 9.3439974e+00 4.2674198e+00 -4.7607318e+00 1.9611566e+00 4.2610544e+00 -1.3547724e+01
-1.3264038e+01 1.0984171e+00 3.7289960e+00 2.1438401e+00 -7.5368048e+00 4.1116371e+00 -2.1363694e+00 9.0701874e+00 1.5102093e+01 -2.2504310e+01 -3.8710398e+00 1.4809503e+01 1.3405776e+01 -1.2457623e+01 3.3163028e+00 2.2432454e+00 8.9602914e-01 -1.3579908e+00 2.4196909e+00 1.2562534e+00 -1.4895382e+01 6.6899367e+00 1.0154036e+02 -6.7640674e-01 1.0038353e+01 2.0838439e+00 7.9661202e+00 3.7201846e+00 3.3351274e+00 -1.6410030e+01 -4.7585888e+00 1.0820158e+01 9.5932124e+00 7.9507199e+00 9.4163252e-01 -4.3668996e+00 -6.1978538e+00 1.5166372e+00 3.8943748e+00 1.3992501e+01 1.3534941e+00 1.1718471e+01 -1.7933990e+00 -5.9842996e+00 1.3496061e+01 -9.8086396e+00 -1.6715115e+01 -8.7649117e+00 -9.6741237e+00 -9.0520637e+00 -5.3510813e+00 6.0329453e+00 -1.2693763e+00 -4.2522482e+00 3.1710678e+00 5.0047906e+00 -1.0566234e+01 -1.3429941e+01 5.4149750e+00 -1.9854082e+00 2.2541141e+01 1.2668687e+01 -9.4377841e+00 3.8481396e+00 2.1102229e+00 6.0144414e+00 9.8403157e+00 -1.2070123e+01 -1.5669670e+00 -5.0622425e+00 1.4952582e+01 1.5040145e+01 3.8290974e+00 -1.7873390e+00 -6.6968792e+00 1.3529623e+01 2.2516858e+00 -5.8297679e+00 -5.7075545e+00 1.0354198e+01 1.2774415e+01 8.7046972e+00 7.1386215e+00 1.3748383e+01 5.3531241e+00 1.9738065e+01 4.6627165e+00 -1.2320460e+01 2.3946764e+00 -4.8117464e+00 1.7589288e+01 -8.8388505e+00 1.8133915e+00 -1.2320064e+01 -2.6150396e+00 1.3368902e+01 1.5582590e+00 -1.2762382e+01 1.8357260e+01 5.4691349e+00
2.3091999e+01 1.2130669e+00 1.1050369e+00 -3.1687983e-01 8.1162294e+00 3.8606954e+00 -1.5773475e+01 -1.1559796e+01 -1.5680054e+01 -4.6853292e+00 4.7205052e+00 -6.4294376e-01 -8.4085980e+00 -4.5567381e+00 1.1811184e+01 7.6217619e-01 4.8245635e+00 -4.2775317e+00 -6.6721346e+00 3.7582472e+00 1.4903889e+01 -3.8907238e+00 -6.7640674e-01 8.3613461e+01 3.1282717e+00 -5.7558185e+00 -7.6626989e-02 4.9952352e+00 4.4560750e+00 7.1799864e+00 -4.7621479e+00 -2.0654558e+00 4.7092464e+00 1.2605229e+01 1.8278783e+01 1.7085910e+01 1.5293408e+01 2.5054023e+00 5.6710994e+00 -3.6485947e+00 -1.3756354e+01 1.1527421e+01 3.0886584e+00 -6.6990929e+00 -1.9704141e+01 -4.4809373e+00 5.1614168e+00 -1.3183857e+01 -1.6442969e+01 -4.8303073e+00 -2.0562086e+00 2.4665733e+01 2.9292543e+00 -1.6520026e+01 6.0153170e+00 -4.1940362e+00 2.7483693e+00 2.2213778e+00 9.5243735e+00 -1.1308115e+01 -1.5823144e+00 -5.9124438e+00 5.5951489e+00 3.1799106e+00 -2.6087939e+01 -5.8862674e+00 7.1990490e+00 4.9941232e+00 1.0156419e+01 9.5372813e+00 -3.9896949e+00 -6.6690326e+00 3.8686529e-01 9.5564226e+00 -5.1830451e+00 1.4861895e+01 -1.0029664e+01 -5.2557539e+00 -1.7327664e+01 -8.8246100e+00 -4.3213481e+00 -1.2602166e-01 -7.9591416e+00 -1.9352853e+01 1.9427167e+01 -1.4205922e+01 5.6458681e+00 -8.6514057e+00 1.0948799e+00 -2.5381002e-02 1.0566961e+00 -1.3509508e+01 -2.9059746e+00 6.8199344e+00 7.5656016e+00 -5.7687678e+00 1.3728591e+01 -1.8595030e+00 8.3528436e+00 3.6478145e-01
-1.0779103e+01 4.1407251e+00 -1.6880839e+01 -6.7119396e+00 1.0667592e+01 -4.6596004e+00 -2.6121344e+00 -3.9625699e+00 -1.0625829e+01 -7.0155238e+00 1.2287373e+01 -1.3209083e+00 -4.3614186e+00 -8.9087354e+00 1.1608611e+01 1.1771746e+01 -1.8284528e+01 6.7473921e+00 -1.1688006e+01 -5.7787608e+00 -1.8500015e+01 -5.2408193e+00 1.0038353e+01 3.1282717e+00 8.3519847e+01 1.6647111e+01 -2.1686435e+00 3.9877173e+00 -1.2664291e+00 -8.7802094e+00 5.9031701e+00 -9.0940720e+00 -4.6766147e+00 -7.5796060e+00 -2.9828360e+00 1.6966540e+01 8.0047291e+00 9.3024306e+00 -1.5180092e+01 4.8058311e+00 -6.2358158e+00 -2.3128451e-01 1.5376062e+01 1.4146287e+01 -1.4755083e+01 2.0404739e+00 1.3578942e+01 -1.5974121e+01 -5.7007261e+00 6.6390901e+00 9.2036465e+00 1.5449845e+01 -8.4925579e+00 -6.3418815e+00 -1.4558475e-01 -1.1045392e+01 1.2109826e+01 -5.0763218e+00 -1.8234572e+00 -1.2604135e-01 -1.7165920e+01 -9.9056051e+00 -2.4205550e+00 6.2914750e+00 1.0494356e+01 1.5720322e+00 1.3643562e+00 7.4300990e+00 9.2643228e+00 -9.6322766e+00 -1.6690949e+01 1.6819434e+01 -1.3468397e+01 1.1058346e+01 1.4112333e+01 -3.2139417e+00 -9.1823901e+00 3.5540327e-01 4.8079190e+00 -6.0788504e+00 -6.8109642e+00 -3.1020998e+00 -8.7635943e+00 -9.7876572e+00 -2.6828926e+00 8.4383653e+00 3.1152472e+00 -9.3626494e+00 4.5941690e-01 3.2958770e+00 -7.9421798e+00 1.6968670e+00 -2.4367426e+00 2.9090266e+00 1.6292835e+01 9.3187087e+00 -6.0046311e+00 1.2396136e+01 -1.4508266e-01 9.0715312e-01
-1.4669895e+01 -8.8891327e+00 -1.8545772e+01 -8.6933074e+00 3.1500762e+00 7.4498831e+00 -8.3788937e+00 5.0656403e+00 -7.4276530e+00 -5.7884502e+00 -1.8650311e+01 5.9189448e+00 -1.6849918e+01 -1.4791586e+01 2.0567039e+01 1.3220540e+01 -5.6502200e+00 -3.1671615e+00 7.9613857e+00 -9.1674450e+00 1.3863311e+01 -9.5539258e+00 2.0838439e+00 -5.7558185e+00 1.6647111e+01 1.2944395e+02 -4.5623004e+00 -2.9639701e+00 -9.0216547e+00 -2.3245421e+01 -5.4625971e+00 2.4643162e+01 1.3573949e+01 7.2574127e+00 -8.2990473e+00 -1.6915773e+01 2.1619454e+00 9.9966937e+00 -1.9280757e-01 -2.0599017e+01 -2.5552083e+00 1.1367968e+01 2.0223904e+01 1.0696597e+01 -1.5164202e+00 8.4185832e+00 -2.8342330e+00 -3.7624550e+00 -1.0468093e+01 2.2486589e+01 1.4880695e+01 -8.7645352e+00 -2.4558706e+01 -2.8969007e+00 -1.6737179e+00 -2.6865016e+00 -3.6574089e+00 -2.6408915e+00 5.7199282e+00 -2.4832222e+00 -3.0864129e+00 -9.5274655e+00 -1.4390168e+01 4.2656708e+00 3.1273122e+01 1.2836517e-01 -1.3356488e+00 -7.4433911e+00 1.0502186e+01 -1.0321700e+01 -2.4552939e+00 1.1908429e+00 2.8931815e+00 -2.3328002e+00 8.7904026e+00 8.7952542e+00 -4.3418101e+00 -1.8144822e+01 7.2820179e+00 1.3296879e+00 -7.3797727e+00 -1.2910553e+01 -8.6213662e+00 1.2365934e+01 -1.4787250e+01 3.3896662e+00 -7.4064043e-01 -3.2955652e+00 1.0564488e+00 -1.6300741e+00 -8.0882078e+00 -1.2990763e+01 6.0939836e+00 1.3546658e+01 -6.6626151e+00 1.1556489e+01 5.8734860e+00 1.0734473e+01 -6.6067893e+00 7.9593434e+00
-8.8923259e+00 1.0127921e+01 -5.2997076e+00 -5.1942120e+00 1.0111333e+01 2.9965980e+00 6.5779966e+00 5.6735695e+00 -4.3795215e+00 -6.2278056e+00 -1.3511316e+00 3.1810001e+00 1.3413511e+01 -1.0271598e+01 -3.0311794e+00 -6.8388848e+00 4.7995822e+00 -1.9748437e+01 -1.5048502e+01 4.8838846e-01 -2.3592661e+00 -4.1126233e+00 7.9661202e+00 -7.6626989e-02 -2.1686435e+00 -4.5623004e+00 1.0552683e+02 7.7195872e+00 -1.7859721e-01 1.4680561e+01 4.3117669e+00 -1.1060133e+01 2.1342060e+01 5.5011854e+00 1.1844033e+01 -8.8997001e+00 4.3409210e+00 -1.4253099e+01 -1.0393671e+01 -2.1982372e+00 -1.2229285e+01 -5.5939385e+00 4.3745801e-01 -4.1850921e+00 1.6825763e+00 2.2095979e+00 -1.5110881e+00 -4.4865568e+00 -7.5428845e+00 4.3745130e-01 -8.4014016e+00 -2.1236870e+01 -2.9094944e+00 1.8901871e+01 1.0263667e+01 -7.2556767e+00 7.2872628e-01 -5.3962276e+00 -3.7917289e+00 1.4615161e+01 -4.9790691e+00 1.4823769e+01 -5.1785347e+00 1.2162310e+01 1.4606587e+01 -3.3936180e+00 1.3028099e+00 1.7654863e+00 3.9523957e+00 1.5128685e+01 2.7734137e+00 -7.2817741e-01 4.9972855e+00 1.4724501e+01 -1.0686839e+01 -1.2993904e+00 -1.0563583e+01 -1.2335972e+01 2.2157272e+00 -1.2926840e+01 4.6635361e+00 3.9567147e+00 9.3348649e+00 -2.6654671e+00 1.3311932e+01 2.2601149e+01 5.6415496e-01 3.0390037e-01 -3.9661639e+00 1.0186760e+01 1.1740485e+01 1.7704680e+00 1.9630966e+01 1.4706468e+00 -1.0948860e+01 -6.9664683e+00 -2.2145554e+00 -4.4860186e+00 -6.1198183e+00 -6.8175012e+00
